1 0.635593 0.391949 0.024407 0.090678
1 0.417288 0.834746 0.023051 0.083051
0 0.113898 0.425424 0.022373 0.027119
0 0.165085 0.427119 0.024407 0.027119
0 0.315593 0.425847 0.023051 0.026271
0 0.462712 0.424576 0.020339 0.023729
0 0.666780 0.421186 0.018983 0.023729
0 0.173898 0.943644 0.023051 0.027966
0 0.325763 0.937288 0.023051 0.027119
0 0.070169 0.952966 0.018983 0.024576
0 0.674576 0.931356 0.021017 0.025424
0 0.772881 0.929237 0.021017 0.027966
0 0.822712 0.933051 0.020339 0.023729
0 0.924746 0.934322 0.021017 0.022881
0 0.422712 0.932203 0.018983 0.022034