0 0.029492 0.009322 0.021695 0.018644
0 0.081356 0.016949 0.018305 0.020339
0 0.132542 0.019492 0.017627 0.020339
0 0.327119 0.014831 0.017627 0.022881
0 0.375593 0.023305 0.016949 0.022881
0 0.423051 0.007627 0.021017 0.015254
0 0.424068 0.023305 0.021695 0.022881
0 0.615254 0.016102 0.020339 0.032203
0 0.662373 0.017797 0.016949 0.022034
0 0.710169 0.018220 0.016271 0.019492
0 0.192542 0.486864 0.023729 0.027966
0 0.240678 0.480932 0.022373 0.026271
0 0.382034 0.480508 0.024407 0.028814
0 0.334237 0.483051 0.019661 0.027119
0 0.285763 0.486441 0.016271 0.020339
0 0.567797 0.486017 0.021695 0.026271
0 0.614576 0.479237 0.017627 0.022881
0 0.662712 0.479237 0.018983 0.038136
0 0.708814 0.483475 0.021695 0.026271
0 0.515932 0.956780 0.018305 0.025424
0 0.564407 0.956356 0.020339 0.024576
0 0.805085 0.480932 0.016271 0.027966
0 0.661017 0.958051 0.015593 0.019492