1 0.883390 0.912712 0.027797 0.083051
1 0.402373 0.922034 0.027119 0.084746
0 0.049153 0.417797 0.023051 0.025424
0 0.215932 0.414831 0.023051 0.027966
0 0.589153 0.408051 0.022373 0.029661
0 0.640339 0.404661 0.020339 0.026271
0 0.743390 0.400000 0.023051 0.028814
0 0.796271 0.399153 0.023051 0.028814
0 0.396271 0.820339 0.027119 0.025424
0 0.599661 0.938983 0.025763 0.028814
0 0.650169 0.941525 0.019661 0.025424
0 0.753559 0.938136 0.027119 0.032203
0 0.904407 0.402119 0.021017 0.022881
0 0.372542 0.412712 0.024407 0.025424
0 0.057288 0.838559 0.020339 0.022881