0 0.025085 0.434322 0.026441 0.026271
0 0.077288 0.431780 0.022373 0.021186
0 0.222373 0.423305 0.016949 0.021186
0 0.460339 0.408475 0.022373 0.022034
0 0.602034 0.392373 0.022373 0.022034
0 0.736271 0.388983 0.022373 0.022034
0 0.045085 0.918220 0.020339 0.024576
0 0.148814 0.906356 0.018983 0.017797
0 0.529153 0.867373 0.020339 0.019492
0 0.624746 0.857627 0.018983 0.023729
0 0.672542 0.858475 0.015593 0.018644
0 0.963729 0.831356 0.021695 0.028814
0 0.915254 0.840254 0.018305 0.021186
0 0.863390 0.848305 0.018983 0.018644
0 0.816271 0.850847 0.015593 0.020339