0 0.831186 0.269492 0.019661 0.023729
0 0.878644 0.262288 0.022373 0.029661
0 0.929492 0.261017 0.022373 0.027119
0 0.978305 0.256356 0.023729 0.026271
0 0.410508 0.292373 0.024407 0.032203
0 0.364407 0.287288 0.016271 0.018644
0 0.366102 0.304661 0.018305 0.019492
0 0.317627 0.301695 0.017627 0.027119
0 0.021356 0.305508 0.027119 0.036441
0 0.046102 0.786017 0.021017 0.027966
0 0.194237 0.780508 0.017627 0.022034
0 0.268814 0.299153 0.023051 0.027119
0 0.576610 0.741949 0.017627 0.024576
0 0.620678 0.737712 0.017627 0.031356
0 0.704068 0.737712 0.036610 0.027966
0 0.759661 0.730932 0.020339 0.024576
0 0.855932 0.728814 0.020339 0.023729