0 0.201356 0.212712 0.018305 0.022034
0 0.247119 0.204237 0.025763 0.032203
0 0.381695 0.209322 0.016949 0.020339
0 0.427458 0.207627 0.023051 0.028814
0 0.470847 0.206780 0.020339 0.023729
0 0.516271 0.207203 0.016271 0.021186
0 0.604407 0.203390 0.018983 0.023729
0 0.738983 0.200000 0.015593 0.020339
1 0.930169 0.061441 0.027797 0.097458
0 0.112203 0.656780 0.023051 0.028814
0 0.207119 0.653390 0.018983 0.025424
0 0.698644 0.637288 0.023051 0.027119
0 0.611864 0.641525 0.018983 0.022034
0 0.479661 0.643644 0.018983 0.021186
0 0.298305 0.652542 0.016949 0.023729
0 0.254237 0.655932 0.018305 0.020339