0 0.137288 0.248305 0.023051 0.028814
0 0.311864 0.250847 0.016949 0.018644
0 0.356610 0.244915 0.022373 0.030508
0 0.400678 0.249153 0.023729 0.028814
0 0.978983 0.210593 0.019661 0.026271
0 0.443051 0.248729 0.020339 0.024576
0 0.327119 0.674153 0.020339 0.022881
0 0.587797 0.662712 0.022373 0.027119
0 0.886102 0.650847 0.022373 0.027119
0 0.977288 0.651695 0.018983 0.022034
0 0.840339 0.655932 0.016271 0.016949
0 0.796271 0.656780 0.014915 0.018644
0 0.371186 0.672458 0.016271 0.019492
0 0.184068 0.247881 0.021695 0.026271
0 0.044068 0.254237 0.018305 0.022034